# PRISM wavelength solution using ground-based CV3 data by E. Schlawin. Bin widths at 1-pixel resolution added by J. Kirk
# Pixel, wavelength (um), bin width in 1-pixel-wide bin (um) 
0.000000 nan nan 
1.000000 nan nan 
2.000000 nan nan 
3.000000 nan nan 
4.000000 nan nan 
5.000000 nan nan 
6.000000 nan nan 
7.000000 nan nan 
8.000000 nan nan 
9.000000 nan nan 
10.000000 nan nan 
11.000000 nan nan 
12.000000 nan nan 
13.000000 0.499973 0.001269 
14.000000 0.502510 0.002539 
15.000000 0.505050 0.002577 
16.000000 0.507663 0.002618 
17.000000 0.510287 0.002657 
18.000000 0.512978 0.002702 
19.000000 0.515690 0.002741 
20.000000 0.518461 0.002789 
21.000000 0.521268 0.002829 
22.000000 0.524119 0.002880 
23.000000 0.527028 0.002921 
24.000000 0.529961 0.002974 
25.000000 0.532976 0.003030 
26.000000 0.536021 0.003072 
27.000000 0.539121 0.003131 
28.000000 0.542284 0.003181 
29.000000 0.545484 0.003236 
30.000000 0.548756 0.003301 
31.000000 0.552085 0.003351 
32.000000 0.555459 0.003412 
33.000000 0.558909 0.003482 
34.000000 0.562423 0.003541 
35.000000 0.565990 0.003600 
36.000000 0.569624 0.003676 
37.000000 0.573342 0.003749 
38.000000 0.577122 0.003813 
39.000000 0.580968 0.003882 
40.000000 0.584885 0.003965 
41.000000 0.588898 0.004050 
42.000000 0.592985 0.004126 
43.000000 0.597149 0.004205 
44.000000 0.601395 0.004288 
45.000000 0.605726 0.004375 
46.000000 0.610146 0.004469 
47.000000 0.614664 0.004567 
48.000000 0.619279 0.004664 
49.000000 0.623992 0.004763 
50.000000 0.628805 0.004865 
51.000000 0.633722 0.004970 
52.000000 0.638746 0.005080 
53.000000 0.643881 0.005192 
54.000000 0.649130 0.005308 
55.000000 0.654497 0.005428 
56.000000 0.659986 0.005557 
57.000000 0.665611 0.005690 
58.000000 0.671366 0.005822 
59.000000 0.677254 0.005956 
60.000000 0.683278 0.006095 
61.000000 0.689443 0.006243 
62.000000 0.695765 0.006401 
63.000000 0.702245 0.006556 
64.000000 0.708876 0.006715 
65.000000 0.715675 0.006887 
66.000000 0.722651 0.007057 
67.000000 0.729789 0.007239 
68.000000 0.737128 0.007425 
69.000000 0.744638 0.007616 
70.000000 0.752360 0.007814 
71.000000 0.760267 0.008018 
72.000000 0.768395 0.008233 
73.000000 0.776733 0.008445 
74.000000 0.785285 0.008671 
75.000000 0.794074 0.008908 
76.000000 0.803100 0.009145 
77.000000 0.812365 0.009390 
78.000000 0.821879 0.009643 
79.000000 0.831650 0.009903 
80.000000 0.841686 0.010172 
81.000000 0.851994 0.010447 
82.000000 0.862579 0.010728 
83.000000 0.873449 0.011014 
84.000000 0.884607 0.011311 
85.000000 0.896072 0.011616 
86.000000 0.907839 0.011918 
87.000000 0.919909 0.012233 
88.000000 0.932306 0.012552 
89.000000 0.945012 0.012873 
90.000000 0.958052 0.013201 
91.000000 0.971414 0.013525 
92.000000 0.985103 0.013857 
93.000000 0.999129 0.014192 
94.000000 1.013487 0.014523 
95.000000 1.028176 0.014854 
96.000000 1.043195 0.015183 
97.000000 1.058541 0.015508 
98.000000 1.074211 0.015830 
99.000000 1.090202 0.016148 
100.000000 1.106508 0.016459 
101.000000 1.123119 0.016758 
102.000000 1.140025 0.017053 
103.000000 1.157224 0.017336 
104.000000 1.174696 0.017607 
105.000000 1.192438 0.017867 
106.000000 1.210430 0.018113 
107.000000 1.228664 0.018347 
108.000000 1.247124 0.018565 
109.000000 1.265794 0.018768 
110.000000 1.284660 0.018957 
111.000000 1.303709 0.019131 
112.000000 1.322922 0.019288 
113.000000 1.342285 0.019429 
114.000000 1.361781 0.019556 
115.000000 1.381396 0.019667 
116.000000 1.401115 0.019763 
117.000000 1.420922 0.019844 
118.000000 1.440803 0.019911 
119.000000 1.460744 0.019965 
120.000000 1.480733 0.020006 
121.000000 1.500756 0.020034 
122.000000 1.520801 0.020050 
123.000000 1.540856 0.020056 
124.000000 1.560912 0.020051 
125.000000 1.580958 0.020036 
126.000000 1.600984 0.020012 
127.000000 1.620982 0.019980 
128.000000 1.640944 0.019940 
129.000000 1.660861 0.019892 
130.000000 1.680729 0.019839 
131.000000 1.700539 0.019779 
132.000000 1.720287 0.019714 
133.000000 1.739966 0.019644 
134.000000 1.759574 0.019569 
135.000000 1.779104 0.019490 
136.000000 1.798554 0.019408 
137.000000 1.817920 0.019323 
138.000000 1.837199 0.019235 
139.000000 1.856389 0.019144 
140.000000 1.875487 0.019052 
141.000000 1.894492 0.018957 
142.000000 1.913400 0.018860 
143.000000 1.932212 0.018763 
144.000000 1.950927 0.018665 
145.000000 1.969542 0.018565 
146.000000 1.988057 0.018465 
147.000000 2.006472 0.018365 
148.000000 2.024787 0.018264 
149.000000 2.042999 0.018162 
150.000000 2.061111 0.018062 
151.000000 2.079122 0.017960 
152.000000 2.097032 0.017859 
153.000000 2.114841 0.017758 
154.000000 2.132549 0.017658 
155.000000 2.150157 0.017558 
156.000000 2.167665 0.017459 
157.000000 2.185075 0.017360 
158.000000 2.202384 0.017262 
159.000000 2.219598 0.017164 
160.000000 2.236712 0.017067 
161.000000 2.253731 0.016971 
162.000000 2.270654 0.016875 
163.000000 2.287481 0.016781 
164.000000 2.304215 0.016687 
165.000000 2.320855 0.016594 
166.000000 2.337403 0.016502 
167.000000 2.353859 0.016411 
168.000000 2.370225 0.016320 
169.000000 2.386500 0.016231 
170.000000 2.402687 0.016143 
171.000000 2.418786 0.016056 
172.000000 2.434798 0.015969 
173.000000 2.450723 0.015882 
174.000000 2.466562 0.015798 
175.000000 2.482318 0.015714 
176.000000 2.497991 0.015631 
177.000000 2.513581 0.015550 
178.000000 2.529090 0.015468 
179.000000 2.544518 0.015388 
180.000000 2.559866 0.015309 
181.000000 2.575136 0.015230 
182.000000 2.590327 0.015153 
183.000000 2.605441 0.015076 
184.000000 2.620479 0.015001 
185.000000 2.635442 0.014926 
186.000000 2.650331 0.014852 
187.000000 2.665146 0.014779 
188.000000 2.679888 0.014706 
189.000000 2.694558 0.014635 
190.000000 2.709157 0.014564 
191.000000 2.723686 0.014494 
192.000000 2.738145 0.014425 
193.000000 2.752536 0.014357 
194.000000 2.766858 0.014289 
195.000000 2.781114 0.014223 
196.000000 2.795304 0.014157 
197.000000 2.809428 0.014091 
198.000000 2.823486 0.014026 
199.000000 2.837481 0.013963 
200.000000 2.851412 0.013900 
201.000000 2.865281 0.013838 
202.000000 2.879088 0.013776 
203.000000 2.892833 0.013715 
204.000000 2.906517 0.013655 
205.000000 2.920143 0.013595 
206.000000 2.933708 0.013536 
207.000000 2.947214 0.013478 
208.000000 2.960663 0.013420 
209.000000 2.974054 0.013363 
210.000000 2.987388 0.013306 
211.000000 3.000667 0.013251 
212.000000 3.013890 0.013195 
213.000000 3.027057 0.013141 
214.000000 3.040171 0.013087 
215.000000 3.053231 0.013033 
216.000000 3.066237 0.012980 
217.000000 3.079191 0.012928 
218.000000 3.092092 0.012876 
219.000000 3.104943 0.012825 
220.000000 3.117741 0.012774 
221.000000 3.130490 0.012724 
222.000000 3.143188 0.012674 
223.000000 3.155837 0.012625 
224.000000 3.168437 0.012576 
225.000000 3.180989 0.012527 
226.000000 3.193492 0.012480 
227.000000 3.205948 0.012432 
228.000000 3.218357 0.012386 
229.000000 3.230720 0.012339 
230.000000 3.243035 0.012293 
231.000000 3.255306 0.012248 
232.000000 3.267531 0.012203 
233.000000 3.279713 0.012158 
234.000000 3.291848 0.012114 
235.000000 3.303940 0.012071 
236.000000 3.315989 0.012027 
237.000000 3.327994 0.011985 
238.000000 3.339958 0.011942 
239.000000 3.351878 0.011899 
240.000000 3.363757 0.011858 
241.000000 3.375594 0.011817 
242.000000 3.387390 0.011776 
243.000000 3.399146 0.011735 
244.000000 3.410861 0.011695 
245.000000 3.422535 0.011655 
246.000000 3.434171 0.011616 
247.000000 3.445767 0.011576 
248.000000 3.457324 0.011538 
249.000000 3.468843 0.011500 
250.000000 3.480324 0.011461 
251.000000 3.491766 0.011424 
252.000000 3.503171 0.011387 
253.000000 3.514539 0.011349 
254.000000 3.525870 0.011312 
255.000000 3.537164 0.011276 
256.000000 3.548422 0.011241 
257.000000 3.559645 0.011204 
258.000000 3.570831 0.011168 
259.000000 3.581982 0.011134 
260.000000 3.593098 0.011099 
261.000000 3.604180 0.011064 
262.000000 3.615227 0.011030 
263.000000 3.626239 0.010996 
264.000000 3.637218 0.010962 
265.000000 3.648163 0.010929 
266.000000 3.659076 0.010896 
267.000000 3.669955 0.010862 
268.000000 3.680800 0.010830 
269.000000 3.691614 0.010797 
270.000000 3.702395 0.010765 
271.000000 3.713145 0.010734 
272.000000 3.723863 0.010702 
273.000000 3.734549 0.010671 
274.000000 3.745204 0.010639 
275.000000 3.755828 0.010608 
276.000000 3.766421 0.010578 
277.000000 3.776984 0.010548 
278.000000 3.787516 0.010518 
279.000000 3.798019 0.010488 
280.000000 3.808491 0.010458 
281.000000 3.818935 0.010429 
282.000000 3.829349 0.010399 
283.000000 3.839733 0.010370 
284.000000 3.850089 0.010341 
285.000000 3.860416 0.010313 
286.000000 3.870714 0.010284 
287.000000 3.880984 0.010256 
288.000000 3.891226 0.010228 
289.000000 3.901441 0.010201 
290.000000 3.911628 0.010173 
291.000000 3.921787 0.010146 
292.000000 3.931919 0.010119 
293.000000 3.942024 0.010092 
294.000000 3.952102 0.010065 
295.000000 3.962154 0.010038 
296.000000 3.972179 0.010012 
297.000000 3.982178 0.009986 
298.000000 3.992150 0.009960 
299.000000 4.002097 0.009934 
300.000000 4.012018 0.009908 
301.000000 4.021914 0.009883 
302.000000 4.031784 0.009858 
303.000000 4.041629 0.009833 
304.000000 4.051449 0.009808 
305.000000 4.061244 0.009783 
306.000000 4.071015 0.009758 
307.000000 4.080761 0.009734 
308.000000 4.090483 0.009710 
309.000000 4.100180 0.009686 
310.000000 4.109854 0.009662 
311.000000 4.119504 0.009638 
312.000000 4.129129 0.009614 
313.000000 4.138732 0.009591 
314.000000 4.148310 0.009567 
315.000000 4.157866 0.009544 
316.000000 4.167399 0.009521 
317.000000 4.176909 0.009498 
318.000000 4.186396 0.009476 
319.000000 4.195860 0.009453 
320.000000 4.205302 0.009431 
321.000000 4.214722 0.009409 
322.000000 4.224120 0.009386 
323.000000 4.233495 0.009364 
324.000000 4.242848 0.009342 
325.000000 4.252180 0.009321 
326.000000 4.261490 0.009299 
327.000000 4.270778 0.009278 
328.000000 4.280046 0.009257 
329.000000 4.289292 0.009235 
330.000000 4.298516 0.009214 
331.000000 4.307720 0.009193 
332.000000 4.316903 0.009173 
333.000000 4.326066 0.009152 
334.000000 4.335208 0.009132 
335.000000 4.344329 0.009111 
336.000000 4.353430 0.009091 
337.000000 4.362510 0.009071 
338.000000 4.371571 0.009051 
339.000000 4.380612 0.009031 
340.000000 4.389633 0.009011 
341.000000 4.398634 0.008991 
342.000000 4.407615 0.008972 
343.000000 4.416577 0.008952 
344.000000 4.425519 0.008933 
345.000000 4.434443 0.008914 
346.000000 4.443347 0.008894 
347.000000 4.452232 0.008876 
348.000000 4.461098 0.008857 
349.000000 4.469945 0.008838 
350.000000 4.478774 0.008819 
351.000000 4.487583 0.008800 
352.000000 4.496375 0.008782 
353.000000 4.505148 0.008764 
354.000000 4.513903 0.008745 
355.000000 4.522639 0.008727 
356.000000 4.531357 0.008710 
357.000000 4.540058 0.008692 
358.000000 4.548740 0.008673 
359.000000 4.557404 0.008656 
360.000000 4.566051 0.008638 
361.000000 4.574681 0.008621 
362.000000 4.583293 0.008603 
363.000000 4.591887 0.008586 
364.000000 4.600464 0.008569 
365.000000 4.609024 0.008551 
366.000000 4.617567 0.008534 
367.000000 4.626092 0.008518 
368.000000 4.634602 0.008500 
369.000000 4.643093 0.008483 
370.000000 4.651568 0.008467 
371.000000 4.660027 0.008450 
372.000000 4.668468 0.008433 
373.000000 4.676893 0.008417 
374.000000 4.685303 0.008401 
375.000000 4.693695 0.008384 
376.000000 4.702071 0.008368 
377.000000 4.710432 0.008352 
378.000000 4.718776 0.008336 
379.000000 4.727103 0.008320 
380.000000 4.735416 0.008304 
381.000000 4.743712 0.008288 
382.000000 4.751992 0.008273 
383.000000 4.760258 0.008257 
384.000000 4.768507 0.008241 
385.000000 4.776740 0.008226 
386.000000 4.784959 0.008211 
387.000000 4.793162 0.008195 
388.000000 4.801350 0.008180 
389.000000 4.809523 0.008165 
390.000000 4.817679 0.008150 
391.000000 4.825822 0.008135 
392.000000 4.833949 0.008120 
393.000000 4.842061 0.008105 
394.000000 4.850160 0.008090 
395.000000 4.858242 0.008075 
396.000000 4.866310 0.008061 
397.000000 4.874364 0.008046 
398.000000 4.882403 0.008032 
399.000000 4.890427 0.008017 
400.000000 4.898437 0.008003 
401.000000 4.906433 0.007989 
402.000000 4.914415 0.007974 
403.000000 4.922382 0.007960 
404.000000 4.930335 0.007946 
405.000000 4.938274 0.007932 
406.000000 4.946199 0.007918 
407.000000 4.954111 0.007904 
408.000000 4.962008 0.007890 
409.000000 4.969892 0.007877 
410.000000 4.977761 0.007863 
411.000000 4.985617 0.007849 
412.000000 4.993460 0.007836 
413.000000 5.001288 0.007822 
414.000000 5.009104 0.007809 
415.000000 5.016906 0.007795 
416.000000 5.024695 0.007782 
417.000000 5.032470 0.007769 
418.000000 5.040232 0.007756 
419.000000 5.047981 0.007742 
420.000000 5.055717 0.007729 
421.000000 5.063439 0.007716 
422.000000 5.071149 0.007703 
423.000000 5.078846 0.007690 
424.000000 5.086529 0.007678 
425.000000 5.094201 0.007665 
426.000000 5.101859 0.007652 
427.000000 5.109505 0.007639 
428.000000 5.117137 0.007627 
429.000000 5.124758 0.007614 
430.000000 5.132365 0.007601 
431.000000 5.139961 0.007589 
432.000000 5.147543 0.007577 
433.000000 5.155114 0.007564 
434.000000 5.162672 0.007552 
435.000000 5.170218 0.007540 
436.000000 5.177751 0.007527 
437.000000 5.185273 0.007515 
438.000000 5.192781 0.007503 
439.000000 5.200279 0.007491 
440.000000 5.207764 0.007479 
441.000000 5.215237 0.007467 
442.000000 5.222698 0.007455 
443.000000 5.230148 0.007443 
444.000000 5.237585 0.007432 
445.000000 5.245011 0.007420 
446.000000 5.252425 0.007408 
447.000000 5.259828 0.007397 
448.000000 5.267218 0.007385 
449.000000 5.274598 0.007373 
450.000000 5.281965 0.007362 
451.000000 5.289322 0.007350 
452.000000 5.296666 0.007339 
453.000000 5.304000 0.007328 
454.000000 5.311321 0.007316 
455.000000 5.318632 0.007305 
456.000000 5.325932 0.007294 
457.000000 5.333220 0.007283 
458.000000 5.340497 0.007272 
459.000000 5.347763 0.007261 
460.000000 5.355018 0.007249 
461.000000 5.362262 0.007239 
462.000000 5.369496 0.007228 
463.000000 5.376717 0.007216 
464.000000 5.383929 0.007206 
465.000000 5.391129 0.007195 
466.000000 5.398318 0.007184 
467.000000 5.405497 0.007173 
468.000000 5.412665 0.007163 
469.000000 5.419823 0.007152 
470.000000 5.426969 0.007141 
471.000000 5.434105 0.007131 
472.000000 5.441230 0.007120 
473.000000 5.448346 0.007110 
474.000000 5.455450 0.007099 
475.000000 5.462544 0.007089 
476.000000 5.469628 0.007079 
477.000000 5.476701 0.007068 
478.000000 5.483765 0.007058 
479.000000 5.490817 0.007048 
480.000000 5.497860 0.007038 
481.000000 5.504893 0.007027 
482.000000 5.511914 0.007017 
483.000000 5.518927 0.007007 
484.000000 5.525929 0.006997 
485.000000 5.532921 0.006987 
486.000000 5.539903 0.006977 
487.000000 5.546875 0.006967 
488.000000 5.553837 0.006957 
489.000000 5.560789 0.006947 
490.000000 5.567731 0.006938 
491.000000 5.574664 0.006928 
492.000000 5.581587 0.006918 
493.000000 5.588500 0.006908 
494.000000 5.595403 0.006898 
495.000000 5.602297 0.006889 
496.000000 5.609181 0.006879 
497.000000 5.616055 0.006869 
498.000000 5.622920 0.006860 
499.000000 5.629776 0.006851 
500.000000 5.636621 0.006841 
501.000000 5.643457 0.006832 
502.000000 5.650284 0.006822 
503.000000 5.657102 0.006813 
504.000000 5.663910 0.006804 
505.000000 5.670709 0.006794 
506.000000 5.677498 0.006785 
507.000000 5.684279 0.006776 
508.000000 5.691050 0.006766 
509.000000 5.697811 0.006757 
510.000000 5.704565 0.006748 
511.000000 5.711308 0.003371 
